100000 samples for each K-configuration

K = [1, 1, 1, 1, 1, 1, 1, 1, 1, 1] | 14808.32768
K = [1, 1, 1, 1, 1, 1, 1, 1, 1, 2] | 14208.17664
K = [1, 1, 1, 1, 1, 1, 1, 1, 1, 3] | 14311.64751294847
K = [1, 1, 1, 1, 1, 1, 1, 1, 2, 2] | 14074.32704
K = [1, 1, 1, 1, 1, 1, 1, 1, 2, 3] | 14011.593248296538
K = [1, 1, 1, 1, 1, 1, 1, 1, 3, 3] | 14230.71732022018
K = [1, 1, 1, 1, 1, 1, 1, 2, 2, 2] | 14137.36704
K = [1, 1, 1, 1, 1, 1, 1, 2, 2, 3] | 14055.13662592257
K = [1, 1, 1, 1, 1, 1, 1, 2, 3, 3] | 14112.261834134535
K = [1, 1, 1, 1, 1, 1, 1, 3, 3, 3] | 14400.156241554088
K = [1, 1, 1, 1, 1, 1, 2, 2, 2, 2] | 14360.2176
K = [1, 1, 1, 1, 1, 1, 2, 2, 2, 3] | 14181.960046727547
K = [1, 1, 1, 1, 1, 1, 2, 2, 3, 3] | 14174.643546923126
K = [1, 1, 1, 1, 1, 1, 2, 3, 3, 3] | 14313.134003993617
K = [1, 1, 1, 1, 1, 1, 3, 3, 3, 3] | 14703.684992305873
K = [1, 1, 1, 1, 1, 2, 2, 2, 2, 2] | 14655.27296
K = [1, 1, 1, 1, 1, 2, 2, 2, 2, 3] | 14441.51215313161
K = [1, 1, 1, 1, 1, 2, 2, 2, 3, 3] | 14413.642238427505
K = [1, 1, 1, 1, 1, 2, 2, 3, 3, 3] | 14461.820287752811
K = [1, 1, 1, 1, 1, 2, 3, 3, 3, 3] | 14701.241657644823
K = [1, 1, 1, 1, 1, 3, 3, 3, 3, 3] | 15071.575628670662
K = [1, 1, 1, 1, 2, 2, 2, 2, 2, 2] | 15098.2016
K = [1, 1, 1, 1, 2, 2, 2, 2, 2, 3] | 14829.51870633892
K = [1, 1, 1, 1, 2, 2, 2, 2, 3, 3] | 14711.581741503565
K = [1, 1, 1, 1, 2, 2, 2, 3, 3, 3] | 14746.262997972226
K = [1, 1, 1, 1, 2, 2, 3, 3, 3, 3] | 14885.874853209729
K = [1, 1, 1, 1, 2, 3, 3, 3, 3, 3] | 15130.223600034104
K = [1, 1, 1, 1, 3, 3, 3, 3, 3, 3] | 15617.957368296273
K = [1, 1, 1, 2, 2, 2, 2, 2, 2, 2] | 15685.57056
K = [1, 1, 1, 2, 2, 2, 2, 2, 2, 3] | 15308.152274237516
K = [1, 1, 1, 2, 2, 2, 2, 2, 3, 3] | 15231.15733157479
K = [1, 1, 1, 2, 2, 2, 2, 3, 3, 3] | 15202.964788979869
K = [1, 1, 1, 2, 2, 2, 3, 3, 3, 3] | 15296.052246062663
K = [1, 1, 1, 2, 2, 3, 3, 3, 3, 3] | 15460.105186960853
K = [1, 1, 1, 2, 3, 3, 3, 3, 3, 3] | 15814.430058705268
K = [1, 1, 1, 3, 3, 3, 3, 3, 3, 3] | 16377.244468265608
K = [1, 1, 2, 2, 2, 2, 2, 2, 2, 2] | 16509.19936
K = [1, 1, 2, 2, 2, 2, 2, 2, 2, 3] | 16144.543137957518
K = [1, 1, 2, 2, 2, 2, 2, 2, 3, 3] | 15908.4193824122
K = [1, 1, 2, 2, 2, 2, 2, 3, 3, 3] | 15873.569914620877
K = [1, 1, 2, 2, 2, 2, 3, 3, 3, 3] | 15846.030568312375
K = [1, 1, 2, 2, 2, 3, 3, 3, 3, 3] | 16109.740027182277
K = [1, 1, 2, 2, 3, 3, 3, 3, 3, 3] | 16358.912515162347
K = [1, 1, 2, 3, 3, 3, 3, 3, 3, 3] | 16734.576957038742
K = [1, 1, 3, 3, 3, 3, 3, 3, 3, 3] | 17448.08149005226
K = [1, 2, 2, 2, 2, 2, 2, 2, 2, 2] | 17939.5712
K = [1, 2, 2, 2, 2, 2, 2, 2, 2, 3] | 17303.98160798909
K = [1, 2, 2, 2, 2, 2, 2, 2, 3, 3] | 17056.64876902992
K = [1, 2, 2, 2, 2, 2, 2, 3, 3, 3] | 16984.491144187774
K = [1, 2, 2, 2, 2, 2, 3, 3, 3, 3] | 16920.213948681878
K = [1, 2, 2, 2, 2, 3, 3, 3, 3, 3] | 16964.84201017242
K = [1, 2, 2, 2, 3, 3, 3, 3, 3, 3] | 17225.449348100225
K = [1, 2, 2, 3, 3, 3, 3, 3, 3, 3] | 17605.275063829315
K = [1, 2, 3, 3, 3, 3, 3, 3, 3, 3] | 18238.316928580665
K = [1, 3, 3, 3, 3, 3, 3, 3, 3, 3] | 19269.145433120866
K = [2, 2, 2, 2, 2, 2, 2, 2, 2, 2] | 22528.10752
K = [2, 2, 2, 2, 2, 2, 2, 2, 2, 3] | 20244.71292139742
K = [2, 2, 2, 2, 2, 2, 2, 2, 3, 3] | 19634.985218258505
K = [2, 2, 2, 2, 2, 2, 2, 3, 3, 3] | 19305.275608346506
K = [2, 2, 2, 2, 2, 2, 3, 3, 3, 3] | 19108.8024066541
K = [2, 2, 2, 2, 2, 3, 3, 3, 3, 3] | 19215.672459685975
K = [2, 2, 2, 2, 3, 3, 3, 3, 3, 3] | 19450.155666335875
K = [2, 2, 2, 3, 3, 3, 3, 3, 3, 3] | 19896.939382048517
K = [2, 2, 3, 3, 3, 3, 3, 3, 3, 3] | 20492.91940553031
K = [2, 3, 3, 3, 3, 3, 3, 3, 3, 3] | 21748.160066348726
K = [3, 3, 3, 3, 3, 3, 3, 3, 3, 3] | 25732.548126400223
