around 200000 samples for each K-config i think

K = [1, 1, 1, 1, 1, 1] | 18356.60544
K = [1, 1, 1, 1, 1, 2] | 17735.7632
K = [1, 1, 1, 1, 1, 3] | 17971.593281124173
K = [1, 1, 1, 1, 2, 2] | 17908.43648
K = [1, 1, 1, 1, 2, 3] | 17757.92433723954
K = [1, 1, 1, 1, 3, 3] | 18234.42888074035
K = [1, 1, 1, 2, 2, 2] | 18481.4016
K = [1, 1, 1, 2, 2, 3] | 18186.273200088475
K = [1, 1, 1, 2, 3, 3] | 18319.32427539416
K = [1, 1, 1, 3, 3, 3] | 19034.75848499377
K = [1, 1, 2, 2, 2, 2] | 19531.92192
K = [1, 1, 2, 2, 2, 3] | 19008.266364888615
K = [1, 1, 2, 2, 3, 3] | 19037.47957076899
K = [1, 1, 2, 3, 3, 3] | 19327.470067544065
K = [1, 1, 3, 3, 3, 3] | 20230.25788765661
K = [1, 2, 2, 2, 2, 2] | 21325.05728
K = [1, 2, 2, 2, 2, 3] | 20530.16207951194
K = [1, 2, 2, 2, 3, 3] | 20402.88111805324
K = [1, 2, 2, 3, 3, 3] | 20574.171832939395
K = [1, 2, 3, 3, 3, 3] | 21122.04707232715
K = [1, 3, 3, 3, 3, 3] | 22487.752014871006
K = [2, 2, 2, 2, 2, 2] | 28039.73632
K = [2, 2, 2, 2, 2, 3] | 24850.576857720782
K = [2, 2, 2, 2, 3, 3] | 24236.48908820891
K = [2, 2, 2, 3, 3, 3] | 24222.603051351547
K = [2, 2, 3, 3, 3, 3] | 24824.550250239015
K = [2, 3, 3, 3, 3, 3] | 26199.164266945085
K = [3, 3, 3, 3, 3, 3] | 32104.635374828915
